-1.4182132482528687
-1.804973840713501
-1.7430646419525146
-1.2921174764633179
-1.2876113653182983
-2.603301763534546
-1.8525556325912476
-2.6548166275024414
-2.5146706104278564
-1.9613035917282104
-1.365919589996338
-2.3736753463745117
-2.08819842338562
-2.323622941970825
-1.696129322052002
-1.9697998762130737
-1.7093297243118286
-1.8561961650848389
-1.6610510349273682
-1.5981502532958984
-2.821364164352417
-2.5751724243164062
-1.8219659328460693
-1.5735610723495483
-1.6633555889129639
-2.7186379432678223
-1.9925308227539062
-1.7976653575897217
-1.9079736471176147
-1.7088701725006104
-1.5928609371185303
-1.6944365501403809
-1.6629995107650757
-1.8460378646850586
-1.66233491897583
-1.7777037620544434
-1.4649827480316162
-2.6223301887512207
-2.0536818504333496
-1.6793156862258911
-1.4945778846740723
-1.9044625759124756
-2.1321804523468018
-2.3634285926818848
-2.054241180419922
-1.7853024005889893
-1.955668568611145
-2.056903839111328
-1.7288235425949097
-1.419182300567627
-1.843933343887329
-1.4473814964294434
-1.8582322597503662
-1.831174373626709
-2.866830825805664
-1.8654640913009644
-1.8318291902542114
-2.1405911445617676
-1.7927182912826538
-1.460612177848816
-1.4062341451644897
-1.8399903774261475
-1.4761499166488647
-2.0394251346588135
-1.7395728826522827
-2.612257957458496
-2.4130501747131348
-2.065019369125366
-2.4990603923797607
-1.3628703355789185
-1.7143079042434692
-1.8086405992507935
-1.6867557764053345
-1.9281868934631348
-2.1376476287841797
-2.717001438140869
-2.285142183303833
-2.848388910293579
-2.210508108139038
-1.903696060180664
-2.173434257507324
-1.659665584564209
-1.3883720636367798
-2.3117306232452393
-1.9569429159164429
-1.6975868940353394
-1.5760279893875122
-1.927744746208191
-1.9885954856872559
-2.550292491912842
-1.4182336330413818
-1.3633296489715576
-1.2443678379058838
-2.4312732219696045
-2.2574169635772705
-1.4256765842437744
-2.06424617767334
-2.1182732582092285
-1.6073802709579468
-1.596767783164978
-1.225803017616272
-2.297994613647461
-1.6446917057037354
-1.3795182704925537
-1.6803748607635498
-2.2359306812286377
-1.7286994457244873
-2.1797287464141846
-2.047075033187866
-2.535839319229126
-1.6304417848587036
-1.0138654708862305
-1.4638060331344604
-2.365093469619751
-1.7764880657196045
-1.8521709442138672
-1.8664487600326538
-1.4967767000198364
-1.6025042533874512
-1.4317444562911987
-2.6240785121917725
-1.8007007837295532
-1.5653363466262817
-2.509587049484253
-2.824547529220581
-1.354691743850708
-1.5262583494186401
-1.583899974822998
-1.775338888168335
-1.5402445793151855
-1.7593542337417603
-2.5962276458740234
-2.084604501724243
-1.561372995376587
-2.4325106143951416
-2.3748068809509277
-1.6143466234207153
-1.7997645139694214
-2.0422983169555664
-1.4522472620010376
-2.1502060890197754
-2.3369526863098145
-1.786400318145752
-1.4662182331085205
-1.1466120481491089
-2.043971061706543
-1.5926685333251953
-1.5700726509094238
-2.629197597503662
-2.1027932167053223
-1.2816752195358276
-1.6372408866882324
-2.547173500061035
-2.0036768913269043
-1.896964430809021
-1.820166826248169
-2.0654709339141846
-2.0461182594299316
-1.6339631080627441
-1.9373972415924072
-1.5057454109191895
-2.0677459239959717
-2.5771353244781494
-1.9881653785705566
-1.8157188892364502
-1.4162499904632568
-1.5034630298614502
-2.4151554107666016
-2.354336738586426
-1.9242750406265259
-1.5491950511932373
-1.9731475114822388
-2.3688628673553467
-2.152820587158203
-2.2546908855438232
-2.0322425365448
-1.922548770904541
-1.7891218662261963
-2.363558530807495
-1.8561115264892578
-1.8370466232299805
-2.6121628284454346
-1.5406155586242676
-1.4549736976623535
-2.7655036449432373
-1.683936595916748
-1.9771839380264282
-1.3973597288131714
-1.1513592004776
-1.9321296215057373
-1.9442862272262573
-1.7989885807037354
-1.6915024518966675
-1.7525200843811035
-1.9093228578567505
-2.985297441482544
-1.518283486366272
-2.4868688583374023
-1.8540136814117432
-1.3943268060684204
-2.435523509979248
-2.4632692337036133
-2.694701910018921
-2.669748306274414
-1.8569477796554565
-1.9065208435058594
-1.501407265663147
-1.934990406036377
-1.7451618909835815
-2.4480807781219482
-1.9856058359146118
-1.6517750024795532
-1.4679697751998901
-1.52718186378479
-1.9056050777435303
-1.6681770086288452
-2.0136046409606934
-2.180694818496704
-2.1811118125915527
-1.962925672531128
-1.5615328550338745
-1.6341722011566162
-2.1712145805358887
-2.2084779739379883
-1.8032537698745728
-1.8485431671142578
-2.745577335357666
-1.6554019451141357
-2.763413429260254
-1.7076148986816406
-1.6378045082092285
-1.4025871753692627
-1.435920238494873
-2.4181435108184814
-1.8269520998001099
-2.302539110183716
-1.7999286651611328
-2.5278844833374023
-1.8053264617919922
-2.618992328643799
-2.7982475757598877
-2.2246012687683105
-1.6820931434631348
-1.7350350618362427
-2.667168378829956
-1.2857270240783691
-1.8411473035812378
-1.6829702854156494
-2.0359082221984863
-1.736946702003479
-1.5607174634933472
-1.4514189958572388
-2.4696922302246094
-2.4562151432037354
-2.671403646469116
-1.9021944999694824
-2.4674296379089355
-1.6759545803070068
-2.2469213008880615
-2.210296630859375
-1.4607490301132202
-1.816943883895874
-1.3444678783416748
-1.4521783590316772
-2.5890533924102783
-1.7984970808029175
-1.8937098979949951
-2.7789814472198486
-1.8471237421035767
-2.3527543544769287
-2.562535524368286
-2.362957715988159
-2.622065544128418
-1.7247986793518066
-2.725761651992798
-1.2569389343261719
-1.3573558330535889
-2.1587579250335693
-1.892040491104126
-2.1754109859466553
-1.9075156450271606
-1.2968944311141968
-1.123106598854065
-2.6855571269989014
-1.2051644325256348
-2.030258893966675
-2.4585001468658447
-1.8201191425323486
-1.6529037952423096
-1.6870309114456177
-1.7869951725006104
-2.2125167846679688
-1.7171647548675537
-1.595076084136963
-1.9107619524002075
-1.522764801979065
-1.9912455081939697
-2.511714458465576
-1.344712495803833
-2.3353559970855713
-1.9020633697509766
-1.4615957736968994
-2.774858236312866
-1.5661875009536743
-1.6839896440505981
-2.307223320007324
-0.9969608783721924
-1.6776868104934692
-1.579683542251587
-2.5681540966033936
-2.5602493286132812
-1.6506779193878174
-1.565781593322754
-2.4557018280029297
-2.482121229171753
-1.245114803314209
-1.2254440784454346
-1.8286725282669067
-1.888015866279602
-2.397660493850708
-1.9428434371948242
-2.3580751419067383
-1.7471637725830078
-2.0038504600524902
-1.9015835523605347
-1.2895069122314453
-2.626692295074463
-1.844753623008728
-1.7511550188064575
-1.8407093286514282
-1.407747507095337
-1.3944171667099
-1.9363747835159302
-1.9551528692245483
-1.5194669961929321
-2.4951963424682617
-2.425546646118164
-2.5019664764404297
-1.8364238739013672
-1.7708381414413452
-1.4217476844787598
-1.4286905527114868
-2.234736442565918
-1.9709930419921875
-1.4428479671478271
-2.338498830795288
-2.2945356369018555
-2.1368887424468994
-2.0366227626800537
-2.490168809890747
-1.8512862920761108
-2.6976356506347656
-1.326602578163147
-1.524009108543396
-2.506291389465332
-2.23545503616333
-2.7622923851013184
-1.2100560665130615
-1.701161503791809
-1.6900688409805298
-1.3608484268188477
-1.6310265064239502
-1.4278887510299683
-1.5049796104431152
-2.0291101932525635
-1.6855286359786987
-1.753563404083252
-1.6983860731124878
-1.8032277822494507
-1.495585322380066
-1.9020878076553345
-1.5530036687850952
-1.5079426765441895
-1.341516137123108
-1.4516280889511108
-1.5392402410507202
-1.289307951927185
-2.4718334674835205
-1.7778613567352295
-1.5235564708709717
-1.2318260669708252
-1.241275429725647
-2.3621315956115723
-1.537965178489685
-2.3906099796295166
-1.6709201335906982
-1.4738887548446655
-1.4383141994476318
-1.4988272190093994
-1.0622493028640747
-1.2814266681671143
-0.9686463475227356
-1.9271942377090454
-1.260851502418518
-1.539666771888733
-1.4312835931777954
-2.3668084144592285
-1.3795312643051147
-2.4843156337738037
-1.2815189361572266
-1.2140483856201172
-1.5897595882415771
-1.157612681388855
-1.2309675216674805
-1.3598989248275757
-1.7112345695495605
-1.6607447862625122
-1.3092139959335327
-1.7296974658966064
-1.7033708095550537
-1.5184946060180664
-1.032378077507019
-1.8213924169540405
-1.5758309364318848
-1.6083476543426514
-1.6081124544143677
-1.6241124868392944
-1.735294222831726
-1.3972325325012207
-1.818579912185669
-1.5681812763214111
-1.771715521812439
-1.1548988819122314
-2.775770902633667
-2.365161180496216
-1.5377295017242432
-1.6263529062271118
-1.5845355987548828
-1.848193645477295
-2.2097840309143066
-1.8728432655334473
-1.808552622795105
-2.188384532928467
-1.6728456020355225
-1.2194691896438599
-2.5090835094451904
-1.6284154653549194
-1.445787787437439
-1.5496160984039307
-1.7478797435760498
-1.3376508951187134
-1.4915475845336914
-1.8449804782867432
-1.6984649896621704
-1.7936002016067505
-1.6296950578689575
-1.3049118518829346
-1.1706892251968384
-2.050518274307251
-1.9442698955535889
-1.369132161140442
-2.6027135848999023
-1.1264820098876953
-2.588731050491333
-1.7920883893966675
-1.6761701107025146
-2.4408528804779053
-1.562559723854065
-1.5949302911758423
-1.6550949811935425
-1.9426831007003784
-1.2478090524673462
-1.1959905624389648
-1.4049558639526367
-1.359277606010437
-1.5725666284561157
-1.4233626127243042
-1.5511804819107056
-2.3328146934509277
-1.9837887287139893
-1.7219674587249756
-1.7255982160568237
-1.9161680936813354
-2.6767759323120117
-1.882424235343933
-1.1270899772644043
-2.429440498352051
-1.7772002220153809
-1.351108431816101
-1.40631902217865
-1.3044342994689941
-1.597147822380066
-1.6791166067123413
-1.061569333076477
-1.7550305128097534
-2.6077585220336914
-1.3629400730133057
-1.8395544290542603
-1.7434698343276978
-2.350574016571045
-1.601266622543335
-2.131727695465088
-1.5020769834518433
-2.018148183822632
-1.6078895330429077
-2.016908645629883
-2.5700998306274414
-1.9588310718536377
-1.5019382238388062
-1.8720593452453613
-1.5387916564941406
-1.7287781238555908
-1.7484092712402344
-1.4642568826675415
-1.7418603897094727
-1.5138455629348755
-1.1751644611358643
-1.7763711214065552
-1.3225674629211426
-1.2591387033462524
-1.909740686416626
-1.8356645107269287
-1.6714328527450562
-1.4695430994033813
-2.0029475688934326
-1.5110321044921875
-1.939440369606018
-2.44203519821167
-1.6721659898757935
-1.1291791200637817
-1.8704572916030884
-1.6682885885238647
-1.365435242652893
-1.7749216556549072
-1.5339161157608032
-1.4156314134597778
-1.1671677827835083
-1.5512220859527588
-2.676403522491455
-1.2565354108810425
-2.3989760875701904
-1.954391360282898
-1.3739244937896729
-1.7663822174072266
-2.0234360694885254
-1.764377236366272
-2.7008209228515625
-1.7271617650985718
-1.1268044710159302
-1.2957799434661865
-1.6886221170425415
-2.503775119781494
-2.7097132205963135
-1.506272554397583
-1.6725587844848633
-1.2642086744308472
-1.2952053546905518
-1.667962670326233
-1.6985496282577515
-1.562429666519165
-2.633389472961426
-1.9052836894989014
-1.723599910736084
-1.2855855226516724
-1.515959620475769
-1.6132060289382935
-1.6960400342941284
-1.6539894342422485
-1.5325361490249634
-1.7893508672714233
-1.8089176416397095
-2.0748326778411865
-1.5004756450653076
-2.0136008262634277
-1.8416320085525513
-1.4062881469726562
-1.347215175628662
-1.315224051475525
-1.841343879699707
-1.5325474739074707
-1.8517584800720215
-1.708680510520935
-2.624469518661499
-1.4764633178710938
-1.2512950897216797
-1.102711796760559
-2.0210835933685303
-1.9312647581100464
-1.6934032440185547
-1.5808863639831543
-1.8094383478164673
-2.0162711143493652
-1.7685450315475464
-1.9356062412261963
-1.8378574848175049
-1.6575278043746948
-1.8065237998962402
-1.7381452322006226
-1.0401043891906738
-1.265380859375
-1.7970337867736816
-1.4676101207733154
-2.0001380443573
-1.2406924962997437
-1.7595888376235962
-1.6050361394882202
-1.7066130638122559
-2.3406693935394287
-2.346275806427002
-2.2584874629974365
-2.024101495742798
-2.2063732147216797
-1.7429959774017334
-1.4460264444351196
-1.6101710796356201
-1.570826530456543
-1.2568122148513794
-1.9795552492141724
-2.433161497116089
-2.047576904296875
-1.278274416923523
-1.6275274753570557
-1.2849830389022827
-2.0434699058532715
-2.1013195514678955
-1.6195722818374634
-1.2512376308441162
-1.7090890407562256
-1.4020811319351196
-1.75225830078125
-1.4934718608856201
-1.71351158618927
-1.1744799613952637
-1.3244259357452393
-2.4933345317840576
-0.964668333530426
-1.7726000547409058
-1.5834764242172241
-1.287418007850647
-1.7796403169631958
-1.8103400468826294
-1.4769129753112793
-1.9248993396759033
-1.4549814462661743
-1.2270607948303223
-1.6350089311599731
-1.3714581727981567
-1.6816048622131348
-1.854976773262024
-1.446382999420166
-1.9659733772277832
-1.0386197566986084
-1.4144717454910278
-1.7019585371017456
-1.9360172748565674
-2.0996146202087402
-1.686638355255127
-1.9270638227462769
-2.389957904815674
-1.696629285812378
-1.993553876876831
-1.2941356897354126
-1.3198801279067993
-1.787778377532959
-1.83221435546875
-1.8598556518554688
-1.4138175249099731
-2.3627781867980957
-2.1441280841827393
-1.5078824758529663
-1.6825038194656372
-1.817201852798462
-1.3806736469268799
-1.3046412467956543
-1.77520751953125
-1.55085027217865
-2.11482572555542
-1.6079970598220825
-1.2718842029571533
-1.6867846250534058
-1.5955872535705566
-1.5800942182540894
-1.7779767513275146
-2.0267231464385986
-1.9100611209869385
-1.1724175214767456
-1.4013642072677612
-1.3249351978302002
-1.4437906742095947
-1.6139947175979614
-1.7909256219863892
-1.477015733718872
-1.8045622110366821
-1.7636326551437378
-1.8680137395858765
-1.7040237188339233
-1.4492676258087158
-1.4077253341674805
-1.49764883518219
-2.09529709815979
-1.5812780857086182
-1.3742507696151733
-1.8382281064987183
-2.7499423027038574
-2.4353721141815186
-1.3806195259094238
-1.3550212383270264
-1.510155439376831
-2.499347686767578
-2.3609488010406494
-1.5240612030029297
-1.9127753973007202
-1.2225004434585571
-1.9141658544540405
-1.9123259782791138
-1.6839163303375244
-1.55039381980896
-1.5682380199432373
-1.7850861549377441
-2.796635150909424
-1.5849405527114868
-1.7118853330612183
-1.6329401731491089
-2.2217166423797607
-1.667722463607788
-2.58339262008667
-1.1144354343414307
-2.5669572353363037
-1.4066797494888306
-1.7347936630249023
-1.6554228067398071
-1.1546862125396729
-1.6970887184143066
-1.5113860368728638
-1.2674124240875244
-1.9289860725402832
-1.6766934394836426
-2.3887739181518555
-2.511194944381714
-2.3462588787078857
-2.16074538230896
-1.817605972290039
-0.42288488149642944
-2.180516004562378
-2.462017059326172
-2.4352288246154785
-2.334759473800659
-1.6829237937927246
-1.7589473724365234
-1.7571392059326172
-2.632915496826172
-2.5991063117980957
-2.515319347381592
-2.5411596298217773
-1.8490180969238281
-1.4673314094543457
-1.5728037357330322
-1.6218199729919434
-2.3112845420837402
-1.746338963508606
-1.3856593370437622
-1.5294067859649658
-1.6414847373962402
-1.9904576539993286
-1.2759263515472412
-2.179199695587158
-1.7051570415496826
-1.632863998413086
-1.8597849607467651
-2.3541603088378906
-2.273878812789917
-1.9043805599212646
-1.5921794176101685
-1.4032138586044312
-1.6874589920043945
-1.5325924158096313
-1.5654760599136353
-2.1362860202789307
-1.586586356163025
-1.213611364364624
-1.6749475002288818
-1.348299264907837
-1.8973045349121094
-2.21651554107666
-2.2589914798736572
-2.2793943881988525
-2.511859655380249
-2.2951793670654297
-2.3922581672668457
-1.4181848764419556
-1.9961049556732178
-2.308845281600952
-2.2002248764038086
-1.7768113613128662
-1.437345027923584
-1.7227411270141602
-1.6563841104507446
-2.6405999660491943
-2.429663896560669
-1.544532299041748
-1.9111818075180054
-1.519612193107605
-1.3942903280258179
-1.6051255464553833
-1.5723295211791992
-1.6028554439544678
-1.4994821548461914
-1.8411247730255127
-2.3656909465789795
-1.7605948448181152
-1.6895601749420166
-1.5517969131469727
-1.941399097442627
-1.6653910875320435
-2.0486605167388916
-1.7003819942474365
-1.4916948080062866
-1.2362178564071655
-2.5795860290527344
-2.027676820755005
-1.5835589170455933
-1.4936221837997437
-1.1961603164672852
-1.9925220012664795
-1.5810192823410034
-1.7640283107757568
-2.437138080596924
-1.981821894645691
-1.2799746990203857
-1.860669493675232
-1.31563401222229
-1.3076179027557373
-1.9115819931030273
-1.4669392108917236
-1.3080297708511353
-1.8706109523773193
-2.764911651611328
-1.7975877523422241
-2.798243284225464
-1.7212661504745483
-2.417004108428955
-1.9866873025894165
-1.3181071281433105
-2.5031940937042236
-2.088419198989868
-1.7331687211990356
-2.3484079837799072
-1.8461941480636597
-0.6369591951370239
-2.434731960296631
-1.691756010055542
-1.8168082237243652
-2.578732967376709
-1.4673303365707397
-1.8309293985366821
-2.2777974605560303
-2.6877241134643555
-1.9948922395706177
-1.852559208869934
-2.2969794273376465
-1.9515115022659302
-2.477247953414917
-1.6313387155532837
-2.1198647022247314
-2.455231189727783
-1.7233061790466309
-1.7106339931488037
-2.0052268505096436
-1.7558103799819946
-1.8407206535339355
-1.5647671222686768
-2.1322720050811768
-2.218806505203247
-1.6596593856811523
-1.3908851146697998
-1.6270146369934082
-1.6218534708023071
-1.4088351726531982
-1.4499315023422241
-1.4916512966156006
-0.9854342341423035
-2.116262435913086
-1.959752082824707
-1.3111671209335327
-1.4139097929000854
-1.6269294023513794
-1.7124780416488647
-1.7774327993392944
-1.7137322425842285
-1.9618721008300781
-1.6188410520553589
-1.6258962154388428
-1.655708909034729
-1.8151310682296753
-1.5601204633712769
-1.7311593294143677
-1.6412736177444458
-1.8692988157272339
-2.5861916542053223
-2.5892205238342285
-1.6718637943267822
-2.0538854598999023
-1.8207122087478638
-1.7023955583572388
-1.2210181951522827
-1.5020538568496704
-1.5279114246368408
-1.6486691236495972
-1.6801071166992188
-1.4067939519882202
-2.556140661239624
-2.3323912620544434
-1.9838298559188843
-2.5550341606140137
-2.1753740310668945
-2.494088888168335
-1.6736719608306885
-2.0850772857666016
-2.558030128479004
-1.807639241218567
-1.1210368871688843
-1.84535813331604
-1.7986129522323608
-1.705925464630127
-1.8910728693008423
-1.4353654384613037
-1.812205195426941
-1.7424372434616089
-2.392942428588867
-1.4649392366409302
-1.7596174478530884
-1.7930262088775635
-2.014592170715332
-1.477587342262268
-1.8115142583847046
-2.4492576122283936
-1.4830724000930786
-1.3537863492965698
-1.2388930320739746
-1.8994797468185425
-1.0948145389556885
-1.7525535821914673
-2.6356303691864014
-2.0185327529907227
-1.406672716140747
-1.6269512176513672
-1.6763889789581299
-1.2792234420776367
-1.6828219890594482
-1.8009194135665894
-1.8092044591903687
-1.469076156616211
-1.3199957609176636
-1.7263004779815674
-2.208746910095215
-2.4724202156066895
-1.951066493988037
-2.127023220062256
-1.7306466102600098
-2.4370296001434326
-1.5543487071990967
-1.7905808687210083
-1.2325868606567383
-1.6464790105819702
-1.928127408027649
-1.636135458946228
-1.1016499996185303
-1.1594889163970947
-1.5322291851043701
-1.5292012691497803
-1.595347285270691
-1.6769529581069946
-2.334132194519043
-1.359140396118164
-1.4912322759628296
-2.084871292114258
-2.0040206909179688
-1.4739832878112793
-2.292816162109375
-1.8913179636001587
-2.1831557750701904
-2.009059429168701
-1.6967051029205322
-1.0973448753356934
-1.527175784111023
-1.223876953125
-2.4237709045410156
-1.5475364923477173
-2.4462921619415283
-1.1738206148147583
-1.1283209323883057
-1.162296175956726
-1.6429753303527832
-1.5436445474624634
-1.7615339756011963
-2.619248628616333
-2.39971661567688
-1.5194768905639648
-2.019167900085449
-1.6605284214019775
-1.7681523561477661
-1.989007830619812
-1.659839153289795
-1.009427785873413
-2.334606409072876
-1.5774073600769043
-1.8370505571365356
-1.206143856048584
-1.2619465589523315
-2.4640471935272217
-1.3048547506332397
-1.9521379470825195
-1.6748486757278442
-2.5757572650909424
-1.5096850395202637
-1.5604095458984375
-1.8079273700714111
-1.5457195043563843
-1.5551470518112183
-1.3913960456848145
-1.6533976793289185
-1.4611320495605469
