-1.6449453830718994
-1.7357749938964844
-1.7005008459091187
-1.3699078559875488
-1.2556854486465454
-2.646488666534424
-1.659741759300232
-1.9891942739486694
-2.5444114208221436
-2.5469348430633545
-1.9140516519546509
-2.396176338195801
-2.3438072204589844
-2.052091360092163
-1.980969786643982
-2.071233034133911
-1.8144607543945312
-1.6841168403625488
-1.5583280324935913
-1.570780873298645
-2.0647737979888916
-2.6589338779449463
-1.5505484342575073
-2.161412000656128
-1.7111643552780151
-2.6443400382995605
-1.811825156211853
-1.9406176805496216
-1.684726357460022
-1.8988314867019653
-1.8852870464324951
-1.614868402481079
-2.4858968257904053
-2.675948143005371
-2.4598991870880127
-1.8334461450576782
-1.9325069189071655
-2.5675203800201416
-2.226492404937744
-1.82917320728302
-1.6968032121658325
-1.7622100114822388
-2.1334986686706543
-2.408930540084839
-1.8032867908477783
-1.8985155820846558
-1.8933846950531006
-1.8047442436218262
-2.309173107147217
-1.5757440328598022
-2.5026609897613525
-2.1813275814056396
-2.239302635192871
-2.735034704208374
-2.287177562713623
-2.019078493118286
-2.194082498550415
-2.4349312782287598
-1.6149537563323975
-1.288100242614746
-1.69487726688385
-1.9632775783538818
-1.4820008277893066
-2.3188583850860596
-1.964363932609558
-2.590754985809326
-2.5265676975250244
-2.4789228439331055
-2.4362564086914062
-1.828454852104187
-1.7639020681381226
-2.6153693199157715
-2.1551151275634766
-2.241628885269165
-1.3622862100601196
-2.432070732116699
-2.626052141189575
-2.7696962356567383
-2.345247983932495
-2.6919994354248047
-2.537846803665161
-2.5208258628845215
-2.497586250305176
-2.157818078994751
-2.5516700744628906
-1.8001277446746826
-2.431690216064453
-2.5929360389709473
-1.970271110534668
-2.4322826862335205
-2.228393793106079
-1.4341150522232056
-2.331178903579712
-2.396113634109497
-0.9009622931480408
-2.585453987121582
-2.7503600120544434
-2.198035717010498
-1.8951290845870972
-2.133638381958008
-1.7978103160858154
-1.9503867626190186
-1.729764699935913
-1.6150615215301514
-1.544311285018921
-2.406125068664551
-2.305820941925049
-2.791445255279541
-1.7461740970611572
-2.5023550987243652
-1.4538512229919434
-1.2288011312484741
-2.440007209777832
-2.297699451446533
-2.6100940704345703
-2.448200225830078
-2.2950611114501953
-1.531442403793335
-1.633412480354309
-1.5154880285263062
-2.059739351272583
-2.0186803340911865
-1.6931358575820923
-2.4438672065734863
-2.7529239654541016
-1.4904329776763916
-1.2424910068511963
-2.09413480758667
-1.9721417427062988
-1.8272184133529663
-1.532179832458496
-2.365549325942993
-1.8949254751205444
-1.8900119066238403
-2.4889075756073
-2.3956222534179688
-1.674572467803955
-1.9388333559036255
-2.453659772872925
-2.097367763519287
-2.529473304748535
-2.3450253009796143
-1.9003794193267822
-1.5682953596115112
-1.6631819009780884
-2.4029550552368164
-2.0308852195739746
-1.7040663957595825
-2.6094040870666504
-2.6552743911743164
-2.081228733062744
-1.5544154644012451
-2.5412497520446777
-1.8502681255340576
-1.7074129581451416
-2.133927583694458
-2.1120870113372803
-2.1643147468566895
-1.7589654922485352
-2.2871716022491455
-2.56093168258667
-2.1225476264953613
-2.4547128677368164
-1.6169352531433105
-1.4086307287216187
-1.5761867761611938
-1.7098497152328491
-2.515439033508301
-2.402740955352783
-2.606851100921631
-1.718484878540039
-2.0195858478546143
-2.2733311653137207
-2.563000202178955
-2.39634108543396
-1.9032299518585205
-1.7473982572555542
-2.649080276489258
-2.4847166538238525
-2.8462014198303223
-2.33390212059021
-2.669370651245117
-1.7545528411865234
-1.3027949333190918
-2.363682985305786
-1.8374453783035278
-2.7931482791900635
-1.3822659254074097
-1.3405717611312866
-2.294616460800171
-1.78691565990448
-2.5956716537475586
-1.8435635566711426
-2.230461835861206
-1.912904143333435
-2.865194320678711
-1.7842833995819092
-2.524620294570923
-2.3987276554107666
-2.7141900062561035
-2.4428176879882812
-0.5732869505882263
-2.72076153755188
-1.8089255094528198
-2.112917900085449
-2.6520469188690186
-1.5537325143814087
-2.3164141178131104
-2.1276137828826904
-2.815110921859741
-2.4178309440612793
-2.8147389888763428
-1.8812320232391357
-1.330467700958252
-1.6164504289627075
-1.9416149854660034
-2.426070213317871
-2.212172746658325
-2.5248606204986572
-1.9660001993179321
-1.8807051181793213
-2.224275588989258
-2.570894241333008
-2.015664577484131
-2.570626974105835
-2.89764142036438
-2.7384321689605713
-1.764782428741455
-2.891040802001953
-1.7645854949951172
-2.2831404209136963
-1.2229913473129272
-2.1680009365081787
-1.8686411380767822
-1.7709097862243652
-2.4089906215667725
-2.6749000549316406
-2.702256202697754
-1.8734287023544312
-2.6043643951416016
-1.657228946685791
-2.3098366260528564
-1.9157637357711792
-2.261655330657959
-2.362628698348999
-1.4039210081100464
-2.2133519649505615
-1.9949780702590942
-2.5690536499023438
-2.5687618255615234
-1.6139177083969116
-2.61592960357666
-2.516355037689209
-2.666303873062134
-2.741527557373047
-1.7350598573684692
-2.5745344161987305
-1.8329167366027832
-2.2745299339294434
-2.1956822872161865
-1.4479007720947266
-1.747979760169983
-2.5969038009643555
-1.6461833715438843
-2.7645041942596436
-2.672952175140381
-2.1810266971588135
-2.669843912124634
-1.9516416788101196
-2.2695395946502686
-2.5701277256011963
-2.426107883453369
-2.647629737854004
-2.1393868923187256
-2.407175302505493
-1.3025230169296265
-1.7294296026229858
-2.354010820388794
-1.8513189554214478
-2.179960012435913
-2.0322084426879883
-1.4080208539962769
-1.1876157522201538
-2.5181636810302734
-1.1728993654251099
-2.0620057582855225
-2.4413177967071533
-2.6243443489074707
-2.096590995788574
-1.7694199085235596
-1.8190476894378662
-2.5626144409179688
-2.001544952392578
-1.8126389980316162
-2.58726167678833
-2.0275747776031494
-2.3777084350585938
-2.5611276626586914
-1.4272518157958984
-2.1353209018707275
-2.523754835128784
-2.5033555030822754
-2.644392490386963
-1.7324992418289185
-1.885121464729309
-2.512073040008545
-1.0076240301132202
-2.201547145843506
-1.6000983715057373
-2.5097014904022217
-2.6031715869903564
-1.7623637914657593
-2.758631706237793
-2.4702224731445312
-2.5112881660461426
-1.4828388690948486
-1.3582961559295654
-2.548964023590088
-1.819688081741333
-2.3784055709838867
-1.9789655208587646
-2.4009900093078613
-2.1298694610595703
-2.419090509414673
-1.7595200538635254
-1.7290526628494263
-2.605010747909546
-2.112250804901123
-1.8358769416809082
-1.639468789100647
-1.678420066833496
-1.1540390253067017
-2.2840805053710938
-2.0570995807647705
-2.6232612133026123
-2.5184364318847656
-2.5613162517547607
-2.466742515563965
-1.9348328113555908
-1.8321057558059692
-1.2030929327011108
-1.5677998065948486
-2.3196120262145996
-1.8058159351348877
-2.2308807373046875
-2.292613983154297
-2.2545599937438965
-1.5675616264343262
-2.242199420928955
-2.108299970626831
-2.1695337295532227
-2.100104570388794
-1.2136520147323608
-1.7869749069213867
-2.4282751083374023
-2.481900453567505
-2.698531150817871
-1.5264896154403687
-1.832826018333435
-1.8831485509872437
-1.8973236083984375
-2.5338151454925537
-1.3509689569473267
-1.7170075178146362
-1.7077275514602661
-2.449403762817383
-1.8077422380447388
-1.950467824935913
-1.6110374927520752
-1.7980395555496216
-1.9310256242752075
-1.4813470840454102
-2.396407127380371
-2.015437602996826
-1.6532583236694336
-1.7371050119400024
-1.7260035276412964
-1.9843610525131226
-1.8321048021316528
-1.6905490159988403
-1.4937340021133423
-1.4965872764587402
-2.3894565105438232
-1.4690545797348022
-2.44802188873291
-1.5834954977035522
-1.8211554288864136
-1.6496798992156982
-1.4560120105743408
-1.1869392395019531
-1.3619812726974487
-1.0757938623428345
-1.983944058418274
-1.2512781620025635
-1.3829563856124878
-1.8409578800201416
-2.518578052520752
-1.4785125255584717
-2.4699978828430176
-1.3548654317855835
-1.3787211179733276
-1.715118408203125
-1.2189337015151978
-2.0447356700897217
-1.6919810771942139
-2.412968158721924
-1.7281824350357056
-1.3686949014663696
-1.7090600728988647
-1.777391791343689
-2.30454421043396
-1.0800477266311646
-2.5306625366210938
-1.8111319541931152
-2.535156726837158
-1.789026141166687
-1.8539371490478516
-1.7545562982559204
-2.446913957595825
-1.4404311180114746
-2.7519524097442627
-2.0849010944366455
-1.2401965856552124
-2.7139029502868652
-2.235121488571167
-2.042466163635254
-1.6389729976654053
-1.854678750038147
-1.8526729345321655
-2.217322587966919
-1.5855786800384521
-2.341984272003174
-2.111473560333252
-2.3232176303863525
-1.327519178390503
-2.4887540340423584
-2.1295506954193115
-1.6283341646194458
-1.4148391485214233
-2.0173816680908203
-1.4509257078170776
-1.7442468404769897
-1.8579846620559692
-2.3610422611236572
-2.007963180541992
-1.4327319860458374
-1.4130668640136719
-1.255221962928772
-2.0444259643554688
-2.2569398880004883
-1.6239341497421265
-2.1590991020202637
-1.1727668046951294
-2.6234562397003174
-2.2582361698150635
-1.8529208898544312
-2.475071668624878
-1.5095428228378296
-1.501257061958313
-1.9421367645263672
-2.1211979389190674
-1.8494930267333984
-1.412513017654419
-2.3608174324035645
-1.4865554571151733
-2.060467481613159
-1.6206965446472168
-2.2744154930114746
-1.7411692142486572
-2.5292885303497314
-1.5804908275604248
-1.8548328876495361
-2.102555513381958
-2.085869789123535
-1.9224404096603394
-1.6869410276412964
-1.9336167573928833
-1.7138526439666748
-2.118574619293213
-2.297055721282959
-1.2149734497070312
-2.5005879402160645
-1.9240020513534546
-1.1527997255325317
-2.5568201541900635
-2.610637664794922
-1.455150842666626
-2.1493279933929443
-2.049609661102295
-2.412919759750366
-1.4863275289535522
-2.1827290058135986
-1.886205792427063
-1.9670207500457764
-1.785715937614441
-2.4971511363983154
-2.5934157371520996
-2.0740115642547607
-2.1194210052490234
-1.7265963554382324
-1.7502264976501465
-2.231760025024414
-1.701922059059143
-1.56037175655365
-1.7797273397445679
-1.5807476043701172
-1.2171589136123657
-2.2051172256469727
-1.7665108442306519
-1.3468936681747437
-2.4118130207061768
-2.367725133895874
-1.8111677169799805
-1.5217561721801758
-1.8982000350952148
-2.388028383255005
-2.1540050506591797
-2.0795092582702637
-2.1450817584991455
-1.2381150722503662
-2.009730815887451
-2.2447800636291504
-1.8236106634140015
-1.9090003967285156
-1.780577301979065
-1.6520938873291016
-1.4306068420410156
-2.5802080631256104
-2.6367666721343994
-1.66169273853302
-2.2133092880249023
-2.14272141456604
-1.519258737564087
-2.1019699573516846
-2.002383232116699
-1.8842570781707764
-2.573047637939453
-2.266406774520874
-1.6814199686050415
-1.3835499286651611
-1.487143635749817
-2.4337446689605713
-2.589017868041992
-0.9782419204711914
-1.7909103631973267
-1.392675757408142
-1.6513243913650513
-1.948421835899353
-2.313812494277954
-2.1338090896606445
-2.5389316082000732
-2.230558156967163
-1.8334705829620361
-1.4125747680664062
-2.6053268909454346
-1.6568584442138672
-1.7294715642929077
-1.9331129789352417
-2.20719838142395
-1.899390697479248
-1.950699806213379
-2.0719454288482666
-1.622930645942688
-2.287346124649048
-2.550959348678589
-1.6519067287445068
-1.6635695695877075
-1.8658781051635742
-1.7498438358306885
-1.578808069229126
-2.3007521629333496
-2.0393121242523193
-1.9070602655410767
-1.4110106229782104
-1.4166905879974365
-1.5043036937713623
-2.3357062339782715
-1.525636911392212
-2.1425728797912598
-1.7842742204666138
-2.310272693634033
-2.7451188564300537
-2.145047664642334
-2.6439573764801025
-2.032559871673584
-2.2736542224884033
-2.3764448165893555
-1.9134070873260498
-1.691919207572937
-1.3638160228729248
-1.6854915618896484
-1.7423933744430542
-1.6752800941467285
-1.4138966798782349
-1.6931284666061401
-2.0608694553375244
-2.3509485721588135
-2.094588279724121
-2.6072945594787598
-2.2914652824401855
-2.253114700317383
-1.6900684833526611
-1.9041444063186646
-1.5323100090026855
-2.0907747745513916
-2.0257439613342285
-1.0913654565811157
-1.6341620683670044
-2.1558258533477783
-2.5764620304107666
-1.344360589981079
-1.994115948677063
-1.4342107772827148
-2.6224706172943115
-2.1813926696777344
-1.74449622631073
-2.0409512519836426
-2.3353214263916016
-1.8973205089569092
-1.7850252389907837
-1.8099358081817627
-1.7975244522094727
-1.299237608909607
-1.4765934944152832
-2.3758628368377686
-1.8330246210098267
-1.6117695569992065
-1.8628754615783691
-2.2612743377685547
-1.7584161758422852
-1.6918290853500366
-2.181191921234131
-1.7022653818130493
-1.7562735080718994
-1.3187031745910645
-1.7165067195892334
-1.8747451305389404
-2.083794355392456
-2.416504383087158
-1.9638315439224243
-1.9448375701904297
-1.2144793272018433
-1.5396041870117188
-1.5376595258712769
-2.052053213119507
-1.884902000427246
-2.045712471008301
-2.511561870574951
-2.440570116043091
-1.7494114637374878
-2.0710201263427734
-2.3004672527313232
-1.4347895383834839
-2.210289716720581
-2.189505100250244
-1.8184938430786133
-1.399960994720459
-2.456998348236084
-2.4455068111419678
-2.5759973526000977
-2.0831961631774902
-2.047351121902466
-1.89032781124115
-0.8246474862098694
-1.8956290483474731
-1.6756399869918823
-2.003364324569702
-2.4255924224853516
-1.7914878129959106
-1.7878949642181396
-1.8470028638839722
-2.212820529937744
-2.1805243492126465
-2.520324230194092
-2.0931997299194336
-2.282221555709839
-1.5052971839904785
-1.5881761312484741
-1.6138198375701904
-2.4719226360321045
-2.5400514602661133
-1.8238528966903687
-2.2748775482177734
-0.7100905179977417
-2.2498016357421875
-2.4680724143981934
-1.5380655527114868
-1.4518288373947144
-1.6280351877212524
-1.867427110671997
-2.590057373046875
-1.803444266319275
-1.6230111122131348
-2.800057888031006
-2.725593328475952
-1.9056594371795654
-2.414370059967041
-1.8301537036895752
-2.4867169857025146
-2.205781936645508
-1.5341519117355347
-2.617422342300415
-1.439607858657837
-1.768347978591919
-2.1999778747558594
-2.056485176086426
-2.656099557876587
-1.4679298400878906
-2.784768581390381
-2.817795991897583
-1.7375731468200684
-2.001319646835327
-1.8077739477157593
-2.1388208866119385
-1.9686229228973389
-2.6073696613311768
-2.420032024383545
-2.140326976776123
-1.4779481887817383
-2.1429476737976074
-1.6435250043869019
-1.8179759979248047
-1.7537873983383179
-2.7364683151245117
-1.5925706624984741
-1.8844374418258667
-1.6837410926818848
-2.3684818744659424
-2.452141046524048
-0.8882226943969727
-2.0487589836120605
-1.8561094999313354
-2.2871899604797363
-2.3592493534088135
-2.0731053352355957
-2.4180352687835693
-2.3855199813842773
-1.56599760055542
-2.403320550918579
-1.9631943702697754
-2.683976173400879
-2.601459264755249
-2.4945223331451416
-2.537893056869507
-2.620941638946533
-1.6534315347671509
-1.6075018644332886
-1.5352381467819214
-2.155820608139038
-2.0595345497131348
-1.676088571548462
-1.8600013256072998
-2.0622265338897705
-2.0619802474975586
-2.060563087463379
-2.5605111122131348
-2.4617199897766113
-1.8031730651855469
-1.9119008779525757
-2.214373826980591
-2.441375494003296
-2.5054686069488525
-1.980295181274414
-1.501512885093689
-2.215158462524414
-1.6031073331832886
-1.9776808023452759
-1.9969842433929443
-2.9275147914886475
-1.2960484027862549
-1.9221997261047363
-1.3997273445129395
-2.632999897003174
-2.2977898120880127
-2.37817120552063
-2.4442920684814453
-2.51766037940979
-2.374948024749756
-2.135713577270508
-2.4647414684295654
-2.3490822315216064
-2.3383123874664307
-0.7317891716957092
-1.8245253562927246
-1.5753514766693115
-2.6934218406677246
-1.7801765203475952
-2.6163060665130615
-1.917532205581665
-1.6827210187911987
-0.9842202663421631
-1.6847996711730957
-1.5757932662963867
-1.4221456050872803
-2.455362319946289
-1.9804896116256714
-1.6370792388916016
-2.154817581176758
-1.2186355590820312
-1.496654748916626
-1.7024468183517456
-1.3677279949188232
-2.0046324729919434
-2.637021064758301
-2.5997817516326904
-1.9417471885681152
-2.272667646408081
-1.574880838394165
-2.532606363296509
-2.3300552368164062
-1.9615380764007568
-2.344627857208252
-2.5174503326416016
-2.5887703895568848
-1.9120320081710815
-2.392754077911377
-2.2862813472747803
-1.934314489364624
-1.805038332939148
-2.688837766647339
-1.4062987565994263
-1.703235149383545
-2.0310401916503906
-1.5107487440109253
-1.8282049894332886
-1.897395133972168
-2.7048592567443848
-1.956637978553772
-2.293405532836914
-1.5983731746673584
-2.52646541595459
-2.212860584259033
-1.2703465223312378
-2.508608102798462
-2.2317559719085693
-1.8512009382247925
-2.436312675476074
-1.8735966682434082
-0.6220678091049194
-2.3964457511901855
-1.9509341716766357
-1.8163076639175415
-2.523035764694214
-1.733655571937561
-2.657219886779785
-2.0011589527130127
-2.599153995513916
-2.561199426651001
-1.7786320447921753
-2.270336627960205
-2.4386987686157227
-2.513779401779175
-1.957815170288086
-2.1885175704956055
-1.9463706016540527
-2.700589895248413
-2.146744966506958
-2.2506206035614014
-1.823035717010498
-1.809287190437317
-1.683245062828064
-1.7272562980651855
-2.460289478302002
-1.7451115846633911
-1.6885151863098145
-1.5958837270736694
-1.8263356685638428
-1.5311720371246338
-1.565810203552246
-1.6751255989074707
-1.1070363521575928
-2.4530858993530273
-1.913823127746582
-2.297645092010498
-1.6829323768615723
-1.4357056617736816
-2.3289108276367188
-1.7737263441085815
-1.8717901706695557
-2.663923501968384
-1.7739684581756592
-1.9489823579788208
-2.2708520889282227
-1.96903395652771
-2.222139358520508
-1.7825030088424683
-1.8239643573760986
-0.9841024875640869
-2.536386251449585
-2.586531400680542
-2.1438210010528564
-1.8241146802902222
-2.0357370376586914
-2.5357766151428223
-1.7085379362106323
-1.6264498233795166
-1.3635954856872559
-1.7812433242797852
-1.9398586750030518
-1.5177109241485596
-2.4751341342926025
-2.4229366779327393
-2.007662773132324
-2.101485013961792
-1.7364981174468994
-2.4513673782348633
-1.6327203512191772
-2.2549102306365967
-2.413141965866089
-2.3273444175720215
-1.0862948894500732
-2.6032772064208984
-2.718324661254883
-2.229088306427002
-2.1108994483947754
-2.311901330947876
-2.0709927082061768
-1.7418005466461182
-2.4756174087524414
-1.9331231117248535
-2.730861186981201
-2.4315414428710938
-2.485076427459717
-1.8868674039840698
-2.456061601638794
-2.4505136013031006
-1.7396010160446167
-1.439893364906311
-1.628594160079956
-1.9405701160430908
-1.5405210256576538
-1.9130213260650635
-2.5714383125305176
-2.774203300476074
-2.202974319458008
-2.3837573528289795
-1.938205361366272
-1.352711796760559
-1.6889485120773315
-2.5266778469085693
-1.7583246231079102
-1.4562790393829346
-1.3719021081924438
-1.886540412902832
-2.1689579486846924
-2.5106446743011475
-2.059319019317627
-2.401001214981079
-2.1530845165252686
-2.469147205352783
-1.7950431108474731
-1.784593939781189
-1.4179280996322632
-2.069277763366699
-2.4519522190093994
-0.9861870408058167
-1.0777102708816528
-1.2430919408798218
-2.468686580657959
-1.6648532152175903
-2.760802984237671
-1.7964366674423218
-2.3641860485076904
-2.417569160461426
-1.953972578048706
-2.1131811141967773
-1.8532726764678955
-1.6320420503616333
-2.1026861667633057
-1.9753450155258179
-2.3264575004577637
-1.9844616651535034
-1.7733880281448364
-1.5652612447738647
-2.5051236152648926
-2.7926533222198486
-2.394137144088745
-1.8958897590637207
-2.42494797706604
-1.5057224035263062
-1.708595633506775
-1.3744210004806519
-1.6236708164215088
-1.7881797552108765
-1.9804390668869019
-1.7907352447509766
-2.4787776470184326
-2.3258402347564697
-1.7715080976486206
-2.49798321723938
-2.645936965942383
-1.8352556228637695
-1.651224136352539
-1.0332834720611572
-2.3258728981018066
-1.8096994161605835
-1.8532905578613281
-1.2659540176391602
-1.6093690395355225
-2.445354461669922
-2.4711356163024902
-1.5970604419708252
-1.4342217445373535
-2.5734453201293945
-1.8242806196212769
-1.8589057922363281
-2.543818235397339
-1.5906611680984497
-2.320951461791992
-2.50451397895813
-2.069714069366455
-1.3683509826660156
